Cloudlet ID;    STATUS;    Data center ID;    VM ID;        Time;    Start Time;    Finish Time
    64;        SUCCESS;        2;            28;            6.78;        0.2;            6.98
    66;        SUCCESS;        2;            30;            6.78;        0.2;            6.98
    29;        SUCCESS;        2;            29;            6.78;        0.2;            6.98
    67;        SUCCESS;        2;            31;            6.78;        0.2;            6.98
    71;        SUCCESS;        3;            35;            6.78;        0.2;            6.98
    28;        SUCCESS;        2;            28;            6.89;        0.2;            7.09
    30;        SUCCESS;        2;            30;            6.89;        0.2;            7.09
    68;        SUCCESS;        3;            32;            6.89;        0.2;            7.09
    31;        SUCCESS;        2;            31;            6.99;        0.2;            7.19
    35;        SUCCESS;        3;            35;            7;        0.2;            7.2
    69;        SUCCESS;        3;            33;            7;        0.2;            7.2
    65;        SUCCESS;        2;            29;            7.09;        0.2;            7.29
    32;        SUCCESS;        3;            32;            7.11;        0.2;            7.31
    33;        SUCCESS;        3;            33;            7.11;        0.2;            7.31
    34;        SUCCESS;        3;            34;            7.22;        0.2;            7.42
    70;        SUCCESS;        3;            34;            7.33;        0.2;            7.53
    49;        SUCCESS;        2;            13;            9.99;        0.2;            10.19
    87;        SUCCESS;        2;            15;            10.1;        0.2;            10.3
    40;        SUCCESS;        2;            4;            10.1;        0.2;            10.3
    76;        SUCCESS;        2;            4;            10.1;        0.2;            10.3
    25;        SUCCESS;        2;            25;            10.1;        0.2;            10.3
    92;        SUCCESS;        2;            20;            10.1;        0.2;            10.3
    38;        SUCCESS;        2;            2;            10.1;        0.2;            10.3
    74;        SUCCESS;        2;            2;            10.1;        0.2;            10.3
    42;        SUCCESS;        2;            6;            10.1;        0.2;            10.3
    10;        SUCCESS;        2;            10;            10.1;        0.2;            10.3
    7;        SUCCESS;        2;            7;            10.21;        0.2;            10.41
    83;        SUCCESS;        2;            11;            10.21;        0.2;            10.41
    4;        SUCCESS;        2;            4;            10.21;        0.2;            10.41
    97;        SUCCESS;        2;            25;            10.21;        0.2;            10.41
    9;        SUCCESS;        2;            9;            10.21;        0.2;            10.41
    85;        SUCCESS;        2;            13;            10.21;        0.2;            10.41
    53;        SUCCESS;        2;            17;            10.21;        0.2;            10.41
    26;        SUCCESS;        2;            26;            10.21;        0.2;            10.41
    50;        SUCCESS;        2;            14;            10.21;        0.2;            10.41
    21;        SUCCESS;        2;            21;            10.21;        0.2;            10.41
    93;        SUCCESS;        2;            21;            10.21;        0.2;            10.41
    24;        SUCCESS;        2;            24;            10.21;        0.2;            10.41
    12;        SUCCESS;        2;            12;            10.32;        0.2;            10.52
    16;        SUCCESS;        2;            16;            10.32;        0.2;            10.52
    19;        SUCCESS;        2;            19;            10.32;        0.2;            10.52
    22;        SUCCESS;        2;            22;            10.32;        0.2;            10.52
    13;        SUCCESS;        2;            13;            10.32;        0.2;            10.52
    17;        SUCCESS;        2;            17;            10.32;        0.2;            10.52
    56;        SUCCESS;        2;            20;            10.32;        0.2;            10.52
    78;        SUCCESS;        2;            6;            10.32;        0.2;            10.52
    14;        SUCCESS;        2;            14;            10.32;        0.2;            10.52
    90;        SUCCESS;        2;            18;            10.32;        0.2;            10.52
    60;        SUCCESS;        2;            24;            10.32;        0.2;            10.52
    96;        SUCCESS;        2;            24;            10.32;        0.2;            10.52
    51;        SUCCESS;        2;            15;            10.43;        0.2;            10.63
    0;        SUCCESS;        2;            0;            10.43;        0.2;            10.63
    36;        SUCCESS;        2;            0;            10.43;        0.2;            10.63
    91;        SUCCESS;        2;            19;            10.43;        0.2;            10.63
    58;        SUCCESS;        2;            22;            10.43;        0.2;            10.63
    94;        SUCCESS;        2;            22;            10.43;        0.2;            10.63
    61;        SUCCESS;        2;            25;            10.43;        0.2;            10.63
    81;        SUCCESS;        2;            9;            10.43;        0.2;            10.63
    89;        SUCCESS;        2;            17;            10.43;        0.2;            10.63
    62;        SUCCESS;        2;            26;            10.43;        0.2;            10.63
    98;        SUCCESS;        2;            26;            10.43;        0.2;            10.63
    2;        SUCCESS;        2;            2;            10.43;        0.2;            10.63
    6;        SUCCESS;        2;            6;            10.43;        0.2;            10.63
    18;        SUCCESS;        2;            18;            10.43;        0.2;            10.63
    54;        SUCCESS;        2;            18;            10.43;        0.2;            10.63
    57;        SUCCESS;        2;            21;            10.43;        0.2;            10.63
    43;        SUCCESS;        2;            7;            10.54;        0.2;            10.74
    47;        SUCCESS;        2;            11;            10.54;        0.2;            10.74
    15;        SUCCESS;        2;            15;            10.54;        0.2;            10.74
    72;        SUCCESS;        2;            0;            10.54;        0.2;            10.74
    84;        SUCCESS;        2;            12;            10.54;        0.2;            10.74
    55;        SUCCESS;        2;            19;            10.54;        0.2;            10.74
    1;        SUCCESS;        2;            1;            10.54;        0.2;            10.74
    5;        SUCCESS;        2;            5;            10.54;        0.2;            10.74
    20;        SUCCESS;        2;            20;            10.54;        0.2;            10.74
    82;        SUCCESS;        2;            10;            10.54;        0.2;            10.74
    86;        SUCCESS;        2;            14;            10.54;        0.2;            10.74
    75;        SUCCESS;        2;            3;            10.65;        0.2;            10.85
    79;        SUCCESS;        2;            7;            10.65;        0.2;            10.85
    11;        SUCCESS;        2;            11;            10.65;        0.2;            10.85
    44;        SUCCESS;        2;            8;            10.65;        0.2;            10.85
    80;        SUCCESS;        2;            8;            10.65;        0.2;            10.85
    48;        SUCCESS;        2;            12;            10.65;        0.2;            10.85
    88;        SUCCESS;        2;            16;            10.65;        0.2;            10.85
    41;        SUCCESS;        2;            5;            10.65;        0.2;            10.85
    45;        SUCCESS;        2;            9;            10.65;        0.2;            10.85
    95;        SUCCESS;        2;            23;            10.65;        0.2;            10.85
    46;        SUCCESS;        2;            10;            10.65;        0.2;            10.85
    39;        SUCCESS;        2;            3;            10.76;        0.2;            10.96
    8;        SUCCESS;        2;            8;            10.76;        0.2;            10.96
    52;        SUCCESS;        2;            16;            10.76;        0.2;            10.96
    37;        SUCCESS;        2;            1;            10.76;        0.2;            10.96
    73;        SUCCESS;        2;            1;            10.76;        0.2;            10.96
    77;        SUCCESS;        2;            5;            10.76;        0.2;            10.96
    23;        SUCCESS;        2;            23;            10.76;        0.2;            10.96
    59;        SUCCESS;        2;            23;            10.76;        0.2;            10.96
    27;        SUCCESS;        2;            27;            10.76;        0.2;            10.96
    99;        SUCCESS;        2;            27;            10.76;        0.2;            10.96
    3;        SUCCESS;        2;            3;            10.87;        0.2;            11.07
    63;        SUCCESS;        2;            27;            10.87;        0.2;            11.07
